winner!!! 

def cube_definition():
    return [
        [  1,  8, 15, 22, 29, 99 ],
        [  2,  9, 16, 23, 30,  1 ],
        [  3, 10, 17, 24, 31,  1 ],
        [  4, 11, 18, 25,  1,  2 ],
        [  5, 12, 19, 26,  2, 99 ],
        [  6, 13, 20, 27,  3, 99 ],
        [  7, 14, 21, 28,  4, 31 ]
    ]


01 02 03 04 05 06 07 -> [1, 2, 3, 4, 5, 6, 7]
02 03 04 05 06 07 08 -> [2, 3, 4, 5, 6, 7, 1]
03 04 05 06 07 08 09 -> [3, 4, 5, 6, 7, 1, 2]
04 05 06 07 08 09 10 -> [4, 5, 6, 7, 1, 2, 3]
05 06 07 08 09 10 11 -> [5, 6, 7, 1, 2, 3, 4]
06 07 08 09 10 11 12 -> [6, 7, 1, 2, 3, 4, 5]
07 08 09 10 11 12 13 -> [7, 1, 2, 3, 4, 5, 6]
08 09 10 11 12 13 14 -> [1, 2, 3, 4, 5, 6, 7]
09 10 11 12 13 14 15 -> [2, 3, 4, 5, 6, 7, 1]
10 11 12 13 14 15 16 -> [3, 4, 5, 6, 7, 1, 2]
11 12 13 14 15 16 17 -> [4, 5, 6, 7, 1, 2, 3]
12 13 14 15 16 17 18 -> [5, 6, 7, 1, 2, 3, 4]
13 14 15 16 17 18 19 -> [6, 7, 1, 2, 3, 4, 5]
14 15 16 17 18 19 20 -> [7, 1, 2, 3, 4, 5, 6]
15 16 17 18 19 20 21 -> [1, 2, 3, 4, 5, 6, 7]
16 17 18 19 20 21 22 -> [2, 3, 4, 5, 6, 7, 1]
17 18 19 20 21 22 23 -> [3, 4, 5, 6, 7, 1, 2]
18 19 20 21 22 23 24 -> [4, 5, 6, 7, 1, 2, 3]
19 20 21 22 23 24 25 -> [5, 6, 7, 1, 2, 3, 4]
20 21 22 23 24 25 26 -> [6, 7, 1, 2, 3, 4, 5]
21 22 23 24 25 26 27 -> [7, 1, 2, 3, 4, 5, 6]
22 23 24 25 26 27 28 -> [1, 2, 3, 4, 5, 6, 7]
23 24 25 26 27 28 29 -> [2, 3, 4, 5, 6, 7, 1]
24 25 26 27 28 29 30 -> [3, 4, 5, 6, 7, 1, 2]
25 26 27 28 29 30 31 -> [4, 5, 6, 7, 1, 2, 3]
23 24 25 26 27 28 01 -> [2, 3, 4, 5, 6, 7, 1]
24 25 26 27 28 29 01 -> [3, 4, 5, 6, 7, 1, 2]
25 26 27 28 29 30 01 -> [4, 5, 6, 7, 1, 2, 3]
26 27 28 29 30 31 01 -> [5, 6, 7, 1, 2, 3, 4]
24 25 26 27 28 01 02 -> [3, 4, 5, 6, 7, 1, 2]
25 26 27 28 29 01 02 -> [4, 5, 6, 7, 1, 3, 2]
26 27 28 29 30 01 02 -> [5, 6, 7, 1, 2, 3, 4]
27 28 29 30 31 01 02 -> [6, 7, 1, 2, 3, 4, 5]
25 26 27 28 01 02 03 -> [4, 5, 6, 7, 1, 2, 3]
26 27 28 29 01 02 03 -> [5, 6, 7, 1, 2, 4, 3]
27 28 29 30 01 02 03 -> [6, 7, 1, 2, 4, 5, 3]
28 29 30 31 01 02 03 -> [7, 1, 2, 3, 4, 5, 6]
26 27 28 01 02 03 04 -> [5, 6, 7, 1, 2, 3, 4]
27 28 29 01 02 03 04 -> [6, 7, 1, 2, 5, 3, 4]
28 29 30 01 02 03 04 -> [7, 1, 2, 3, 5, 6, 4]
29 30 31 01 02 03 04 -> [1, 2, 3, 4, 5, 6, 7]
27 28 01 02 03 04 05 -> [6, 7, 1, 2, 3, 4, 5]
28 29 01 02 03 04 05 -> [7, 1, 3, 2, 6, 4, 5]
29 30 01 02 03 04 05 -> [1, 2, 3, 4, 6, 7, 5]
30 31 01 02 03 04 05 -> [2, 3, 1, 4, 6, 7, 5]
28 01 02 03 04 05 06 -> [7, 1, 2, 3, 4, 5, 6]
29 01 02 03 04 05 06 -> [1, 2, 4, 3, 7, 5, 6]
30 01 02 03 04 05 06 -> [2, 1, 4, 3, 7, 5, 6]
31 01 02 03 04 05 06 -> [7, 1, 2, 3, 4, 5, 6]

